Frequency	Gain
10.00000	-49.79670
15.00000	-47.64540
20.00000	-43.19155
25.00000	-44.83511
30.00000	-43.73679
35.00000	-41.55796
40.00000	-39.29203
45.00000	-38.29622
50.00000	-37.40444
55.00000	-36.46530
60.00000	-35.57624
65.00000	-34.81765
70.00000	-33.94770
75.00000	-26.83810
80.00000	-32.41754
85.00000	-31.59912
90.00000	-30.33288
95.00000	-29.86180
100.00000	-28.92707
105.00000	-27.92563
110.00000	-26.94091
115.00000	-25.87198
120.00000	-24.70277
125.00000	-23.30993
130.00000	-21.84976
135.00000	-20.09710
140.00000	-18.01510
145.00000	-15.46718
150.00000	-12.15400
155.00000	-7.33415
160.00000	-0.66812
165.00000	-4.25425
170.00000	-9.32735
175.00000	-12.19781
180.00000	-14.25985
185.00000	-15.96459
190.00000	-17.26107
195.00000	-18.25331
200.00000	-19.02331
205.00000	-19.62628
210.00000	-20.08315
215.00000	-20.42057
220.00000	-20.65552
225.00000	-20.79653
230.00000	-20.84941
235.00000	-20.82485
240.00000	-20.72612
245.00000	-20.53685
250.00000	-20.27949
255.00000	-19.94200
260.00000	-19.52391
265.00000	-19.02336
270.00000	-18.43580
275.00000	-17.74014
280.00000	-16.93527
285.00000	-15.99665
290.00000	-14.90361
295.00000	-13.62154
300.00000	-12.09332
305.00000	-10.24430
310.00000	-7.94533
315.00000	-5.00073
320.00000	-1.30702
325.00000	 1.36830
330.00000	-0.79383
335.00000	-4.19067
340.00000	-6.86473
345.00000	-8.88062
350.00000	-10.43970
355.00000	-11.66978
360.00000	-12.65105
365.00000	-13.44609
370.00000	-14.08232
375.00000	-14.58501
380.00000	-14.97557
385.00000	-15.26494
390.00000	-15.46799
395.00000	-15.58462
400.00000	-15.62071
405.00000	-15.58517
410.00000	-15.43729
415.00000	-15.29012
420.00000	-15.03578
425.00000	-14.70079
430.00000	-14.29095
435.00000	-13.79863
440.00000	-13.21419
445.00000	-12.53058
450.00000	-11.73009
455.00000	-10.80446
460.00000	-9.72034
465.00000	-8.46029
470.00000	-6.97087
475.00000	-5.19551
480.00000	-3.14304
485.00000	-0.89064
490.00000	 0.85863
495.00000	 0.79703
500.00000	-0.91220
505.00000	-3.01522
510.00000	-4.91227
515.00000	-6.50708
520.00000	-7.83888
525.00000	-8.95446
530.00000	-9.89497
535.00000	-10.68817
540.00000	-11.35946
545.00000	-11.93880
550.00000	-12.45152
555.00000	-12.92046
560.00000	-13.35037
565.00000	-13.65810
570.00000	-13.80864
575.00000	-13.84302
580.00000	-13.80101
585.00000	-13.69745
590.00000	-13.36558
595.00000	-13.31105
600.00000	-13.01783
605.00000	-12.64506
610.00000	-12.18708
615.00000	-11.62701
620.00000	-10.95864
625.00000	-10.15272
630.00000	-9.18991
635.00000	-8.03094
640.00000	-6.62164
645.00000	-4.89549
650.00000	-2.76978
655.00000	-0.28591
660.00000	 1.81696
665.00000	 1.64019
670.00000	-0.70875
675.00000	-3.29692
680.00000	-5.50130
685.00000	-7.31345
690.00000	-8.81185
695.00000	-10.06171
700.00000	-11.11978
705.00000	-12.01576
710.00000	-12.77489
715.00000	-13.41736
720.00000	-13.95454
725.00000	-14.40041
730.00000	-14.75578
735.00000	-15.02836
740.00000	-15.22564
745.00000	-15.34124
750.00000	-15.38470
755.00000	-15.34529
760.00000	-15.23094
765.00000	-15.02992
770.00000	-14.46022
775.00000	-14.35422
780.00000	-13.86247
785.00000	-13.24731
790.00000	-12.48994
795.00000	-11.55693
800.00000	-10.40855
805.00000	-8.97799
810.00000	-7.15960
815.00000	-4.78299
820.00000	-1.60840
825.00000	 2.06484
830.00000	 2.25218
835.00000	-1.55273
840.00000	-4.97323
845.00000	-7.57587
850.00000	-9.60122
855.00000	-11.22741
860.00000	-12.56581
865.00000	-13.68199
870.00000	-14.59564
875.00000	-15.41390
880.00000	-16.08212
885.00000	-16.64308
890.00000	-17.10112
895.00000	-17.47056
900.00000	-17.75424
905.00000	-17.95678
910.00000	-17.39263
915.00000	-18.12420
920.00000	-18.08693
925.00000	-17.97025
930.00000	-17.77525
935.00000	-17.48068
940.00000	-17.09166
945.00000	-16.59144
950.00000	-15.96814
955.00000	-15.19161
960.00000	-14.24864
965.00000	-13.05704
970.00000	-11.61370
975.00000	-9.74177
980.00000	-7.25456
985.00000	-3.77518
990.00000	 0.86754
995.00000	 1.40536
1000.00000	-3.40086
1005.00000	-7.18115
1010.00000	-9.90656
1015.00000	-11.97828
1020.00000	-13.62200
1025.00000	-14.95888
1030.00000	-16.06648
1035.00000	-16.98700
1040.00000	-17.76720
1045.00000	-18.41573
1050.00000	-18.95095
1055.00000	-19.38335
1060.00000	-19.72858
1065.00000	-19.98720
1070.00000	-20.16314
1075.00000	-20.25936
1080.00000	-20.27448
1085.00000	-20.21385
1090.00000	-20.07728
1095.00000	-19.85069
1100.00000	-19.53574
1105.00000	-19.12157
1110.00000	-18.59932
1115.00000	-17.95445
1120.00000	-17.16703
1125.00000	-16.20333
1130.00000	-15.02209
1135.00000	-13.55206
1140.00000	-11.68489
1145.00000	-9.21363
1150.00000	-5.76211
1155.00000	-1.00232
1160.00000	 0.12860
1165.00000	-4.79552
1170.00000	-8.71233
1175.00000	-11.51897
1180.00000	-13.65101
1185.00000	-15.34560
1190.00000	-16.72916
1195.00000	-17.87777
1200.00000	-18.83195
1205.00000	-19.62466
1210.00000	-20.27861
1215.00000	-20.80752
1220.00000	-21.24458
1225.00000	-21.57583
1230.00000	-21.61490
1235.00000	-21.98686
1240.00000	-22.08668
1245.00000	-22.10599
1250.00000	-22.05050
1255.00000	-21.91760
1260.00000	-21.69626
1265.00000	-21.39487
1270.00000	-21.00315
1275.00000	-20.50457
1280.00000	-19.88655
1285.00000	-19.13617
1290.00000	-18.21526
1295.00000	-17.08720
1300.00000	-15.69243
1305.00000	-13.92534
1310.00000	-11.61411
1315.00000	-8.41133
1320.00000	-3.77211
1325.00000	-0.40961
1330.00000	-5.14498
1335.00000	-9.51514
1340.00000	-12.55807
1345.00000	-14.81433
1350.00000	-16.58131
1355.00000	-18.00101
1360.00000	-19.16635
1365.00000	-20.14241
1370.00000	-20.95889
1375.00000	-21.64510
1380.00000	-22.21444
1385.00000	-22.68166
1390.00000	-23.05726
1395.00000	-23.34756
1400.00000	-23.55336
1405.00000	-23.68066
1410.00000	-23.73011
1415.00000	-23.69134
1420.00000	-23.56239
1425.00000	-23.40418
1430.00000	-23.13685
1435.00000	-22.73528
1440.00000	-22.29549
1445.00000	-21.71732
1450.00000	-20.99499
1455.00000	-20.12727
1460.00000	-19.06399
1465.00000	-17.75141
1470.00000	-16.10534
1475.00000	-13.98067
1480.00000	-11.09575
1485.00000	-6.94061
1490.00000	-2.07982
1495.00000	-4.93141
1500.00000	-9.77356
1505.00000	-13.14076
1510.00000	-15.58400
1515.00000	-17.45761
1520.00000	-18.95152
1525.00000	-20.16292
1530.00000	-21.16853
1535.00000	-22.01607
1540.00000	-22.71314
1545.00000	-23.28781
1550.00000	-23.73570
1555.00000	-24.13699
1560.00000	-18.64378
1565.00000	-24.64744
1570.00000	-24.77442
1575.00000	-24.83159
1580.00000	-24.80545
1585.00000	-24.70748
1590.00000	-24.52968
1595.00000	-24.26973
1600.00000	-23.91764
1605.00000	-23.47356
1610.00000	-22.91502
1615.00000	-22.23523
1620.00000	-21.40762
1625.00000	-20.40250
1630.00000	-19.17272
1635.00000	-17.64424
1640.00000	-15.68749
1645.00000	-13.07633
1650.00000	-9.41044
1655.00000	-4.41581
1660.00000	-4.52436
1665.00000	-9.60069
1670.00000	-13.33845
1675.00000	-16.01466
1680.00000	-18.04691
1685.00000	-19.65358
1690.00000	-20.96414
1695.00000	-22.04913
1700.00000	-22.95796
1705.00000	-23.71279
1710.00000	-24.35344
1715.00000	-24.87852
1720.00000	-24.74615
1725.00000	-25.46326
1730.00000	-25.91159
1735.00000	-26.09286
1740.00000	-26.18882
1745.00000	-26.21357
1750.00000	-26.15476
1755.00000	-25.90493
1760.00000	-25.59071
1765.00000	-25.50500
1770.00000	-25.12195
1775.00000	-24.61980
1780.00000	-23.84805
1785.00000	-23.17289
1790.00000	-22.30393
1795.00000	-21.16918
1800.00000	-19.77019
1805.00000	-17.99737
1810.00000	-15.67408
1815.00000	-12.49575
1820.00000	-7.97985
1825.00000	-4.86401
1830.00000	-9.21023
1835.00000	-13.41910
1840.00000	-16.38659
1845.00000	-18.54790
1850.00000	-20.28561
1855.00000	-21.66244
1860.00000	-22.78441
1865.00000	-23.71896
1870.00000	-24.50277
1875.00000	-25.15701
1880.00000	-25.73123
1885.00000	-26.21111
1890.00000	-26.61877
1895.00000	-26.95208
1900.00000	-27.22594
1905.00000	-27.44957
1910.00000	-27.54083
1915.00000	-27.64966
1920.00000	-27.65480
1925.00000	-27.56200
1930.00000	-27.18093
1935.00000	-26.75777
1940.00000	-26.60676
1945.00000	-25.72596
1950.00000	-25.40962
1955.00000	-24.55610
1960.00000	-23.44083
1965.00000	-22.15270
1970.00000	-20.48800
1975.00000	-18.37487
1980.00000	-15.53751
1985.00000	-11.57171
1990.00000	-6.97846
1995.00000	-8.77593
2000.00000	-13.30813
2005.00000	-16.58769
2010.00000	-18.96741
2015.00000	-20.78617
2020.00000	-22.23010
2025.00000	-23.41301
2030.00000	-24.39317
2035.00000	-25.17820
2040.00000	-25.89532
2045.00000	-26.46356
2050.00000	-26.92533
2055.00000	-27.29257
2060.00000	-27.54861
2065.00000	-27.76561
2070.00000	-27.88814
2075.00000	-27.93152
2080.00000	-27.89309
2085.00000	-27.78471
2090.00000	-27.59915
2095.00000	-27.33288
2100.00000	-26.97471
2105.00000	-26.52686
2110.00000	-25.97367
2115.00000	-24.70486
2120.00000	-24.48169
2125.00000	-23.49007
2130.00000	-21.84139
2135.00000	-20.80039
2140.00000	-18.92458
2145.00000	-16.44147
2150.00000	-13.01558
2155.00000	-8.49501
2160.00000	-7.85275
2165.00000	-12.45132
2170.00000	-16.19032
2175.00000	-18.89992
2180.00000	-20.93776
2185.00000	-22.59441
2190.00000	-23.91925
2195.00000	-25.02747
2200.00000	-25.95192
2205.00000	-26.72142
2210.00000	-27.36154
2215.00000	-27.88214
2220.00000	-28.34205
2225.00000	-28.72066
2230.00000	-28.98861
2235.00000	-29.09425
2240.00000	-29.29633
2245.00000	-29.33188
2250.00000	-29.29491
2255.00000	-29.17140
2260.00000	-28.97196
2265.00000	-28.68757
2270.00000	-28.30695
2275.00000	-27.81328
2280.00000	-27.19487
2285.00000	-26.42111
2290.00000	-25.50367
2295.00000	-24.36089
2300.00000	-22.95692
2305.00000	-21.19551
2310.00000	-18.93101
2315.00000	-15.89621
2320.00000	-11.75690
2325.00000	-8.49341
2330.00000	-11.80394
2335.00000	-15.91469
2340.00000	-18.93311
2345.00000	-21.19805
2350.00000	-22.97123
2355.00000	-24.40890
2360.00000	-25.59578
2365.00000	-26.58036
2370.00000	-27.40653
2375.00000	-28.09148
2380.00000	-28.65964
2385.00000	-28.95969
2390.00000	-29.48808
2395.00000	-29.73924
2400.00000	-29.89888
2405.00000	-30.05942
2410.00000	-30.10661
2415.00000	-30.05601
2420.00000	-29.92681
2425.00000	-29.71463
2430.00000	-29.41450
2435.00000	-29.02960
2440.00000	-28.53547
2445.00000	-27.93453
2450.00000	-27.20146
2455.00000	-26.32276
2460.00000	-25.25638
2465.00000	-23.95895
2470.00000	-22.36201
2475.00000	-20.33309
2480.00000	-17.66980
2485.00000	-14.04243
2490.00000	-9.89139
2495.00000	-10.79373
2500.00000	-15.03515
2505.00000	-18.35475
2510.00000	-20.80106
2515.00000	-22.67768
2520.00000	-24.16183
2525.00000	-25.37770
2530.00000	-26.37346
2535.00000	-27.19321
2540.00000	-27.88447
2545.00000	-28.44317
2550.00000	-28.90979
2555.00000	-29.28332
2560.00000	-29.54621
2565.00000	-29.30545
2570.00000	-29.88411
2575.00000	-29.93497
2580.00000	-29.87013
2585.00000	-29.72439
2590.00000	-29.62892
2595.00000	-29.37012
2600.00000	-29.01967
2605.00000	-28.58152
2610.00000	-28.02666
2615.00000	-27.36167
2620.00000	-26.53614
2625.00000	-25.57304
2630.00000	-24.37488
2635.00000	-22.89230
2640.00000	-21.01651
2645.00000	-18.57064
2650.00000	-15.26676
2655.00000	-11.18039
2660.00000	-10.64357
2665.00000	-14.67796
2670.00000	-18.19552
2675.00000	-20.79972
2680.00000	-22.79295
2685.00000	-24.37247
2690.00000	-25.65035
2695.00000	-26.70086
2700.00000	-27.57398
2705.00000	-28.29774
2710.00000	-28.87995
2715.00000	-29.13333
2720.00000	-29.67007
2725.00000	-30.08193
2730.00000	-30.30537
2735.00000	-30.44865
2740.00000	-30.51951
2745.00000	-30.51395
2750.00000	-30.41769
2755.00000	-30.25527
2760.00000	-30.03101
2765.00000	-29.69882
2770.00000	-29.28352
2775.00000	-28.75787
2780.00000	-28.11166
2785.00000	-27.33562
2790.00000	-26.36348
2795.00000	-25.23888
2800.00000	-23.83737
2805.00000	-22.07379
2810.00000	-19.79672
2815.00000	-16.76217
2820.00000	-12.83382
2825.00000	-10.83746
2830.00000	-14.26898
2835.00000	-17.97716
2840.00000	-20.75852
2845.00000	-22.87641
2850.00000	-24.54200
2855.00000	-25.88639
2860.00000	-26.99555
2865.00000	-27.90885
2870.00000	-28.67426
2875.00000	-29.30437
2880.00000	-29.81905
2885.00000	-30.22663
2890.00000	-30.51643
2895.00000	-30.78311
2900.00000	-30.92696
2905.00000	-31.00860
2910.00000	-30.98147
2915.00000	-30.92199
2920.00000	-30.76021
2925.00000	-30.50774
2930.00000	-30.18129
2935.00000	-29.72927
2940.00000	-29.21640
2945.00000	-28.55985
2950.00000	-27.77930
2955.00000	-26.82818
2960.00000	-25.66146
2965.00000	-24.23832
2970.00000	-22.46115
2975.00000	-20.17591
2980.00000	-17.14306
2985.00000	-13.28383
2990.00000	-11.43430
2995.00000	-14.76854
3000.00000	-18.38928
3005.00000	-21.12475
3010.00000	-23.21176
3015.00000	-24.85337
3020.00000	-26.18080
3025.00000	-27.03065
3030.00000	-28.17577
3035.00000	-28.91948
3040.00000	-29.53541
3045.00000	-30.04762
3050.00000	-30.44776
3055.00000	-30.76885
3060.00000	-30.99876
3065.00000	-31.13565
3070.00000	-31.18756
3075.00000	-31.19094
3080.00000	-31.11652
3085.00000	-30.95756
3090.00000	-30.69922
3095.00000	-30.37867
3100.00000	-29.94137
3105.00000	-29.42349
3110.00000	-28.77314
3115.00000	-28.00438
3120.00000	-26.94729
3125.00000	-25.69313
3130.00000	-24.42868
3135.00000	-22.74695
3140.00000	-20.49355
3145.00000	-17.52823
3150.00000	-13.78659
3155.00000	-11.86816
3160.00000	-14.95810
3165.00000	-18.52423
3170.00000	-21.25079
3175.00000	-23.33784
3180.00000	-24.97497
3185.00000	-26.30624
3190.00000	-27.39006
3195.00000	-28.16577
3200.00000	-29.01662
3205.00000	-21.67879
3210.00000	-30.15080
3215.00000	-30.55198
3220.00000	-30.86622
3225.00000	-31.08751
3230.00000	-31.22696
3235.00000	-31.29646
3240.00000	-28.47234
3245.00000	-31.02015
3250.00000	-31.03808
3255.00000	-30.78279
3260.00000	-30.44079
3265.00000	-30.02259
3270.00000	-29.45906
3275.00000	-28.82465
3280.00000	-28.02195
3285.00000	-27.06965
3290.00000	-25.89971
3295.00000	-21.96320
3300.00000	-22.68707
3305.00000	-20.41282
3310.00000	-17.42993
3315.00000	-13.77820
3320.00000	-12.31499
3325.00000	-15.45195
3330.00000	-18.88665
3335.00000	-21.52907
3340.00000	-23.55399
3345.00000	-25.16560
3350.00000	-26.47732
3355.00000	-27.54798
3360.00000	-28.42498
3365.00000	-29.16721
3370.00000	-29.74443
3375.00000	-30.25604
3380.00000	-30.59936
3385.00000	-30.95472
3390.00000	-31.17463
3395.00000	-31.29790
3400.00000	-31.36257
3405.00000	-31.29256
3410.00000	-31.21605
3415.00000	-31.06201
3420.00000	-30.79956
3425.00000	-30.45677
3430.00000	-30.01628
3435.00000	-29.46083
3440.00000	-28.80557
3445.00000	-27.89455
3450.00000	-26.98090
3455.00000	-25.83544
3460.00000	-24.40620
3465.00000	-22.60598
3470.00000	-20.30396
3475.00000	-17.30217
3480.00000	-13.78270
3485.00000	-12.79676
3490.00000	-15.96417
3495.00000	-19.27983
3500.00000	-21.85105
3505.00000	-23.84634
3510.00000	-25.42840
3515.00000	-26.71797
3520.00000	-27.77396
3525.00000	-28.66093
3530.00000	-29.39468
3535.00000	-29.99658
3540.00000	-30.49296
3545.00000	-30.86548
3550.00000	-31.16986
3555.00000	-31.38338
3560.00000	-31.50948
3565.00000	-31.55050
3570.00000	-27.85230
3575.00000	-31.39947
3580.00000	-31.19500
3585.00000	-30.92379
3590.00000	-30.50827
3595.00000	-30.05728
3600.00000	-29.48346
3605.00000	-28.76725
3610.00000	-27.86467
3615.00000	-26.84744
3620.00000	-25.57237
3625.00000	-24.00024
3630.00000	-22.03205
3635.00000	-19.49909
3640.00000	-16.25707
3645.00000	-13.14983
3650.00000	-13.96956
3655.00000	-17.04956
3660.00000	-20.35852
3665.00000	-20.64441
3670.00000	-24.45224
3675.00000	-25.84479
3680.00000	-27.05403
3685.00000	-28.02806
3690.00000	-28.82637
3695.00000	-29.49195
3700.00000	-29.98681
3705.00000	-30.44116
3710.00000	-30.71397
3715.00000	-31.10653
3720.00000	-31.26884
3725.00000	-31.28489
3730.00000	-31.39374
3735.00000	-31.34738
3740.00000	-31.22624
3745.00000	-31.05281
3750.00000	-30.76284
3755.00000	-30.38581
3760.00000	-29.89939
3765.00000	-29.32848
3770.00000	-28.60943
3775.00000	-27.75051
3780.00000	-26.69963
3785.00000	-25.42580
3790.00000	-23.81267
3795.00000	-21.88481
3800.00000	-19.34984
3805.00000	-16.13369
3810.00000	-13.23829
3815.00000	-14.29168
3820.00000	-17.63215
3825.00000	-20.52210
3830.00000	-22.75985
3835.00000	-24.51209
3840.00000	-25.90957
3845.00000	-27.04424
3850.00000	-27.96212
3855.00000	-28.72933
3860.00000	-29.38025
3865.00000	-29.85669
3870.00000	-30.29836
3875.00000	-30.59136
3880.00000	-30.84875
3885.00000	-31.00159
3890.00000	-31.08070
3895.00000	-31.08273
3900.00000	-31.01545
3905.00000	-30.88900
3910.00000	-30.67111
3915.00000	-30.35984
3920.00000	-30.01158
3925.00000	-29.53894
3930.00000	-28.96507
3935.00000	-28.25386
3940.00000	-27.39066
3945.00000	-26.35777
3950.00000	-25.08069
3955.00000	-23.49843
3960.00000	-21.48965
3965.00000	-18.90344
3970.00000	-15.70083
3975.00000	-13.40538
3980.00000	-15.18087
3985.00000	-18.48646
3990.00000	-21.26030
3995.00000	-23.41938
4000.00000	-25.13710
4005.00000	-26.51630
4010.00000	-27.64862
4015.00000	-28.58205
4020.00000	-29.36529
4025.00000	-29.99639
4030.00000	-30.52504
4035.00000	-30.94297
4040.00000	-31.26097
4045.00000	-31.49983
4050.00000	-31.64920
4055.00000	-31.68699
4060.00000	-31.73005
4065.00000	-31.55673
4070.00000	-31.49112
4075.00000	-31.24816
4080.00000	-30.91736
4085.00000	-30.48417
4090.00000	-29.98157
4095.00000	-29.33926
4100.00000	-28.57227
4105.00000	-27.64241
4110.00000	-26.51635
4115.00000	-25.14013
4120.00000	-23.43882
4125.00000	-21.28827
4130.00000	-18.54157
4135.00000	-15.34879
4140.00000	-13.93106
4145.00000	-16.38444
4150.00000	-19.54525
4155.00000	-22.13343
4160.00000	-24.16027
4165.00000	-25.77945
4170.00000	-27.09893
4175.00000	-28.18003
4180.00000	-29.08696
4185.00000	-29.82253
4190.00000	-30.47026
4195.00000	-30.97325
4200.00000	-31.39015
4205.00000	-31.69307
4210.00000	-31.93541
4215.00000	-32.06328
4220.00000	-32.15167
4225.00000	-32.14444
4230.00000	-32.02658
4235.00000	-31.87617
4240.00000	-31.62633
4245.00000	-31.28973
4250.00000	-30.85491
4255.00000	-30.30446
4260.00000	-29.64657
4265.00000	-28.84115
4270.00000	-27.88191
4275.00000	-26.71939
4280.00000	-25.29884
4285.00000	-23.53052
4290.00000	-21.31521
4295.00000	-18.50462
4300.00000	-15.40115
4305.00000	-14.49178
4310.00000	-17.11419
4315.00000	-20.15685
4320.00000	-22.62009
4325.00000	-24.54881
4330.00000	-26.11631
4335.00000	-27.38950
4340.00000	-28.43669
4345.00000	-29.30252
4350.00000	-30.02792
4355.00000	-30.62482
4360.00000	-31.11789
4365.00000	-31.47435
4370.00000	-31.80142
4375.00000	-32.04396
4380.00000	-32.18841
4385.00000	-32.21402
4390.00000	-32.19747
4395.00000	-32.14396
4400.00000	-31.98269
4405.00000	-31.68415
4410.00000	-31.37594
4415.00000	-30.96455
4420.00000	-30.38875
4425.00000	-29.77212
4430.00000	-28.96538
4435.00000	-28.02146
4440.00000	-26.85797
4445.00000	-25.44465
4450.00000	-23.68930
4455.00000	-21.47451
4460.00000	-18.69836
4465.00000	-15.75036
4470.00000	-15.12757
4475.00000	-17.74849
4480.00000	-20.70920
4485.00000	-23.11758
4490.00000	-25.03232
4495.00000	-26.58266
4500.00000	-27.84370
4505.00000	-28.88772
4510.00000	-29.72884
4515.00000	-30.43323
4520.00000	-29.86874
4525.00000	-31.52566
4530.00000	-31.95159
4535.00000	-32.23363
4540.00000	-32.46691
4545.00000	-32.57172
4550.00000	-32.66064
4555.00000	-32.63102
4560.00000	-32.35565
4565.00000	-32.32972
4570.00000	-32.08626
4575.00000	-31.76671
4580.00000	-31.27016
4585.00000	-30.78099
4590.00000	-30.13194
4595.00000	-29.22572
4600.00000	-28.39213
4605.00000	-27.23635
4610.00000	-24.42306
4615.00000	-22.78327
4620.00000	-22.04538
4625.00000	-19.39233
4630.00000	-16.42789
4635.00000	-15.10477
4640.00000	-17.19316
4645.00000	-20.11814
4650.00000	-22.58113
4655.00000	-24.52746
4660.00000	-26.08987
4665.00000	-27.35389
4670.00000	-28.19928
4675.00000	-29.25643
4680.00000	-29.99539
4685.00000	-30.59879
4690.00000	-31.08611
4695.00000	-31.46933
4700.00000	-31.69269
4705.00000	-31.88128
4710.00000	-31.82131
4715.00000	-32.02213
4720.00000	-28.78669
4725.00000	-32.04092
4730.00000	-31.88290
4735.00000	-31.62893
4740.00000	-31.30148
4745.00000	-30.86270
4750.00000	-30.34620
4755.00000	-29.69912
4760.00000	-28.93375
4765.00000	-27.90313
4770.00000	-26.90791
4775.00000	-25.56927
4780.00000	-23.92169
4785.00000	-21.86478
4790.00000	-19.29721
4795.00000	-16.37677
4800.00000	-14.84308
4805.00000	-16.72043
4810.00000	-19.66319
4815.00000	-22.19281
4820.00000	-24.21271
4825.00000	-25.83333
4830.00000	-27.17613
4835.00000	-28.24627
4840.00000	-29.17616
4845.00000	-29.94125
4850.00000	-30.59952
4855.00000	-31.12669
4860.00000	-31.55653
4865.00000	-31.89724
4870.00000	-32.14230
4875.00000	-32.30064
4880.00000	-32.41604
4885.00000	-32.44049
4890.00000	-32.39012
4895.00000	-32.23451
4900.00000	-32.04085
4905.00000	-31.77203
4910.00000	-31.39312
4915.00000	-30.91007
4920.00000	-30.32570
4925.00000	-29.62143
4930.00000	-28.74785
4935.00000	-27.75101
4940.00000	-26.49427
4945.00000	-24.99984
4950.00000	-23.12454
4955.00000	-20.78201
4960.00000	-17.95663
4965.00000	-15.55854
4970.00000	-16.16451
4975.00000	-18.95025
4980.00000	-21.64594
4985.00000	-23.83009
4990.00000	-25.57929
4995.00000	-27.00493
5000.00000	-28.16114
5005.00000	-29.13149
5010.00000	-29.95303
5015.00000	-30.60448
5020.00000	-31.16663
5025.00000	-31.61478
5030.00000	-31.98064
5035.00000	-32.24817
5040.00000	-32.42163
5045.00000	-32.52897
5050.00000	-32.57375
5055.00000	-32.52380
5060.00000	-32.39011
5065.00000	-32.19046
5070.00000	-31.91311
5075.00000	-31.53948
5080.00000	-31.08832
5085.00000	-30.55445
5090.00000	-29.85814
5095.00000	-29.02504
5100.00000	-28.00357
5105.00000	-26.77052
5110.00000	-25.27064
5115.00000	-23.41932
5120.00000	-21.10396
5125.00000	-18.32570
5130.00000	-15.95043
5135.00000	-16.47346
5140.00000	-19.19174
5145.00000	-21.87585
5150.00000	-24.06092
5155.00000	-25.81265
5160.00000	-27.24077
5165.00000	-28.40611
5170.00000	-29.38423
5175.00000	-30.19360
5180.00000	-30.86053
5185.00000	-31.41065
5190.00000	-31.86948
5195.00000	-32.18626
5200.00000	-32.46344
5205.00000	-32.68810
5210.00000	-32.78720
5215.00000	-32.80225
5220.00000	-32.77490
5225.00000	-32.67083
5230.00000	-32.47773
5235.00000	-32.21060
5240.00000	-31.90442
5245.00000	-31.49400
5250.00000	-30.93879
5255.00000	-30.24618
5260.00000	-29.40979
5265.00000	-28.48720
5270.00000	-27.29147
5275.00000	-25.84594
5280.00000	-24.06581
5285.00000	-21.89098
5290.00000	-19.24440
5295.00000	-16.72265
5300.00000	-16.61848
5305.00000	-19.07206
5310.00000	-21.76389
5315.00000	-24.00364
5320.00000	-25.80852
5325.00000	-27.27584
5330.00000	-28.47972
5335.00000	-29.48274
5340.00000	-30.31911
5345.00000	-31.02018
5350.00000	-31.57711
5355.00000	-31.99269
5360.00000	-32.40189
5365.00000	-32.67946
5370.00000	-32.89131
5375.00000	-33.01065
5380.00000	-33.05013
5385.00000	-33.02524
5390.00000	-32.75114
5395.00000	-32.72051
5400.00000	-32.44978
5405.00000	-32.08774
5410.00000	-31.66100
5415.00000	-31.13998
5420.00000	-30.45394
5425.00000	-29.63533
5430.00000	-28.65166
5435.00000	-27.46388
5440.00000	-26.01869
5445.00000	-24.24068
5450.00000	-22.04212
5455.00000	-19.41584
5460.00000	-17.02201
5465.00000	-17.03373
5470.00000	-19.44064
5475.00000	-22.07164
5480.00000	-24.26247
5485.00000	-26.03962
5490.00000	-27.48565
5495.00000	-28.66436
5500.00000	-29.66341
5505.00000	-30.43548
5510.00000	-31.10727
5515.00000	-31.67252
5520.00000	-32.12554
5525.00000	-32.48418
5530.00000	-32.74960
5535.00000	-32.92648
5540.00000	-33.07078
5545.00000	-32.84774
5550.00000	-33.06740
5555.00000	-32.70023
5560.00000	-32.80929
5565.00000	-32.55596
5570.00000	-32.19635
5575.00000	-31.74712
5580.00000	-31.21242
5585.00000	-30.56208
5590.00000	-29.76737
5595.00000	-28.81811
5600.00000	-27.67332
5605.00000	-26.29017
5610.00000	-24.59612
5615.00000	-22.51286
5620.00000	-19.98856
5625.00000	-17.45866
5630.00000	-16.80597
5635.00000	-18.83413
5640.00000	-21.32464
5645.00000	-23.71604
5650.00000	-25.56759
5655.00000	-27.07418
5660.00000	-28.30560
5665.00000	-29.23787
5670.00000	-30.09205
5675.00000	-30.87595
5680.00000	-31.44828
5685.00000	-31.88407
5690.00000	-32.25220
5695.00000	-32.55688
5700.00000	-32.53835
5705.00000	-32.90298
5710.00000	-32.90699
5715.00000	-32.93950
5720.00000	-32.86120
5725.00000	-32.67939
5730.00000	-32.42766
5735.00000	-32.09551
5740.00000	-31.65764
5745.00000	-31.10345
5750.00000	-30.44581
5755.00000	-29.64901
5760.00000	-28.67226
5765.00000	-27.54593
5770.00000	-26.16757
5775.00000	-24.46555
5780.00000	-22.36296
5785.00000	-19.85476
5790.00000	-17.54329
5795.00000	-17.35184
5800.00000	-19.53181
5805.00000	-22.09469
5810.00000	-24.28526
5815.00000	-26.06714
5820.00000	-27.54490
5825.00000	-28.77342
5830.00000	-29.80084
5835.00000	-30.63102
5840.00000	-31.32999
5845.00000	-31.90292
5850.00000	-32.36542
5855.00000	-32.72430
5860.00000	-33.00662
5865.00000	-33.21858
5870.00000	-33.34342
5875.00000	-33.38184
5880.00000	-33.37087
5885.00000	-33.27424
5890.00000	-33.05076
5895.00000	-32.82212
5900.00000	-32.45698
5905.00000	-31.99920
5910.00000	-31.44871
5915.00000	-30.78424
5920.00000	-29.99444
5925.00000	-29.03771
5930.00000	-27.88040
5935.00000	-26.48056
5940.00000	-24.77468
5945.00000	-22.68944
5950.00000	-20.22181
5955.00000	-17.93754
5960.00000	-17.64509
5965.00000	-19.69089
5970.00000	-22.19361
5975.00000	-24.35441
5980.00000	-26.12834
5985.00000	-27.57978
5990.00000	-28.77551
5995.00000	-29.76994
6000.00000	-30.58522
6005.00000	-31.24912
6010.00000	-31.81818
6015.00000	-32.28028
6020.00000	-32.54115
6025.00000	-32.91416
6030.00000	-33.10168
6035.00000	-33.22389
6040.00000	-33.25531
6045.00000	-33.23334
6050.00000	-33.09778
6055.00000	-32.90690
6060.00000	-32.63063
6065.00000	-32.27028
6070.00000	-31.82067
6075.00000	-31.27580
6080.00000	-30.59480
6085.00000	-29.77934
6090.00000	-28.79621
6095.00000	-27.60436
6100.00000	-26.15743
6105.00000	-24.39401
6110.00000	-22.25595
6115.00000	-19.81449
6120.00000	-17.78207
6125.00000	-18.21902
6130.00000	-20.42678
6135.00000	-22.81943
6140.00000	-24.84154
6145.00000	-26.52376
6150.00000	-27.91101
6155.00000	-29.04211
6160.00000	-29.95692
6165.00000	-30.75044
6170.00000	-31.41447
6175.00000	-31.79904
6180.00000	-32.43432
6185.00000	-32.71845
6190.00000	-32.99826
6195.00000	-33.17075
6200.00000	-33.29667
6205.00000	-33.30308
6210.00000	-33.24475
6215.00000	-33.18201
6220.00000	-32.97484
6225.00000	-32.03569
6230.00000	-32.15369
6235.00000	-31.83609
6240.00000	-31.27545
6245.00000	-30.56323
6250.00000	-29.70992
6255.00000	-28.68399
6260.00000	-27.45114
6265.00000	-25.94858
6270.00000	-24.13164
6275.00000	-21.93767
6280.00000	-19.54373
6285.00000	-17.98976
6290.00000	-18.89610
6295.00000	-21.19574
6300.00000	-23.52033
6305.00000	-25.47051
6310.00000	-27.07891
6315.00000	-28.40131
6320.00000	-29.50352
6325.00000	-30.41227
6330.00000	-31.17024
6335.00000	-31.81633
6340.00000	-32.34164
6345.00000	-32.76656
6350.00000	-33.09778
6355.00000	-33.34667
6360.00000	-33.50721
6365.00000	-33.52988
6370.00000	-33.58179
6375.00000	-33.52993
6380.00000	-33.36894
6385.00000	-33.14948
6390.00000	-32.81733
6395.00000	-32.46448
6400.00000	-31.95648
6405.00000	-31.32735
6410.00000	-30.60176
6415.00000	-29.70342
6420.00000	-28.62186
6425.00000	-27.30784
6430.00000	-25.75545
6435.00000	-23.83984
6440.00000	-21.57673
6445.00000	-19.32093
6450.00000	-18.43819
6455.00000	-19.89317
6460.00000	-22.25239
6465.00000	-24.45269
6470.00000	-20.35720
6475.00000	-27.44707
6480.00000	-26.86549
6485.00000	-29.98425
6490.00000	-30.92291
6495.00000	-31.70415
6500.00000	-25.04916
6505.00000	-31.03737
6510.00000	-33.18966
6515.00000	-33.46871
6520.00000	-33.72223
6525.00000	-33.84800
6530.00000	-33.91053
6535.00000	-33.90220
6540.00000	-33.80215
6545.00000	-33.57280
6550.00000	-33.40449
6555.00000	-33.04872
6560.00000	-32.60549
6565.00000	-32.05270
6570.00000	-31.41820
6575.00000	-30.61077
6580.00000	-29.66255
6585.00000	-28.51279
6590.00000	-27.11461
6595.00000	-25.31558
6600.00000	-23.36779
6605.00000	-21.06382
6610.00000	-19.23942
6615.00000	-19.45337
6620.00000	-21.49015
6625.00000	-23.81018
6630.00000	-25.83254
6635.00000	-27.32628
6640.00000	-28.78275
6645.00000	-30.03367
6650.00000	-30.95592
6655.00000	-31.80329
6660.00000	-32.50883
6665.00000	-32.99840
6670.00000	-33.46975
6675.00000	-33.81660
6680.00000	-34.16082
6685.00000	-34.34848
6690.00000	-34.47658
6695.00000	-34.44962
6700.00000	-34.46328
6705.00000	-34.33606
6710.00000	-34.13039
6715.00000	-33.42902
6720.00000	-33.49702
6725.00000	-33.05623
6730.00000	-32.34484
6735.00000	-31.68397
6740.00000	-30.95585
6745.00000	-29.96865
6750.00000	-28.76025
6755.00000	-27.29982
6760.00000	-25.55168
6765.00000	-23.46913
6770.00000	-21.23535
6775.00000	-19.77224
6780.00000	-20.47854
6785.00000	-22.63115
6790.00000	-24.88211
6795.00000	-26.72129
6800.00000	-28.35411
6805.00000	-29.72548
6810.00000	-30.82730
6815.00000	-31.75129
6820.00000	-32.52894
6825.00000	-33.15059
6830.00000	-33.69021
6835.00000	-34.02742
6840.00000	-34.43887
6845.00000	-34.71468
6850.00000	-34.89828
6855.00000	-34.98926
6860.00000	-34.97366
6865.00000	-34.92755
6870.00000	-34.80257
6875.00000	-34.64135
6880.00000	-34.39914
6885.00000	-33.98677
6890.00000	-33.56251
6895.00000	-32.95836
6900.00000	-32.21672
6905.00000	-31.33368
6910.00000	-30.26993
6915.00000	-29.00597
6920.00000	-27.46626
6925.00000	-25.61235
6930.00000	-23.43646
6935.00000	-21.24891
6940.00000	-20.25318
6945.00000	-21.36710
6950.00000	-23.70024
6955.00000	-25.83140
6960.00000	-26.64175
6965.00000	-20.18885
6970.00000	-30.47890
6975.00000	-31.53262
6980.00000	-27.60021
6985.00000	-32.61125
6990.00000	-33.34558
6995.00000	-34.35857
7000.00000	-34.74143
7005.00000	-35.10385
7010.00000	-35.35559
7015.00000	-35.48344
7020.00000	-35.55790
7025.00000	-35.46586
7030.00000	-35.45747
7035.00000	-35.30584
7040.00000	-35.07900
7045.00000	-34.73916
7050.00000	-34.34622
7055.00000	-33.77283
7060.00000	-33.15308
7065.00000	-32.35745
7070.00000	-31.47098
7075.00000	-30.37018
7080.00000	-29.03573
7085.00000	-27.41838
7090.00000	-25.47643
7095.00000	-23.27836
7100.00000	-21.35603
7105.00000	-21.11846
7110.00000	-22.84454
7115.00000	-25.11042
7120.00000	-27.16174
7125.00000	-28.88266
7130.00000	-30.30609
7135.00000	-31.50486
7140.00000	-32.50044
7145.00000	-33.33991
7150.00000	-34.02621
7155.00000	-34.40275
7160.00000	-35.06364
7165.00000	-35.44676
7170.00000	-35.72479
7175.00000	-35.95206
7180.00000	-36.04985
7185.00000	-35.60557
7190.00000	-28.31118
7195.00000	-36.01992
7200.00000	-35.79896
7205.00000	-35.56528
7210.00000	-35.23883
7215.00000	-34.81054
7220.00000	-34.22060
7225.00000	-33.59098
7230.00000	-32.67938
7235.00000	-31.84879
7240.00000	-30.69607
7245.00000	-29.32957
7250.00000	-27.67389
7255.00000	-25.69068
7260.00000	-16.69304
7265.00000	-21.74049
7270.00000	-21.82563
7275.00000	-23.66363
7280.00000	-25.86359
7285.00000	-27.85720
7290.00000	-29.49381
7295.00000	-30.88288
7300.00000	-32.05730
7305.00000	-23.57140
7310.00000	-33.82858
7315.00000	-33.78704
7320.00000	-34.84873
7325.00000	-35.52907
7330.00000	-35.90483
7335.00000	-36.13882
7340.00000	-36.36085
7345.00000	-36.47948
7350.00000	-36.53479
7355.00000	-36.49730
7360.00000	-36.34232
7365.00000	-36.13965
7370.00000	-35.86704
7375.00000	-35.58682
7380.00000	-35.17012
7385.00000	-34.64802
7390.00000	-33.97225
7395.00000	-32.87858
7400.00000	-32.22407
7405.00000	-31.08536
7410.00000	-29.69979
7415.00000	-28.04779
7420.00000	-26.07919
7425.00000	-23.92871
7430.00000	-22.30446
7435.00000	-22.49937
7440.00000	-24.33563
7445.00000	-26.52702
7450.00000	-28.49699
7455.00000	-30.15538
7460.00000	-31.52027
7465.00000	-32.65587
7470.00000	-33.60100
7475.00000	-34.39745
7480.00000	-35.05761
7485.00000	-35.60713
7490.00000	-36.06743
7495.00000	-36.40612
7500.00000	-36.67409
7505.00000	-36.86371
7510.00000	-36.86531
7515.00000	-37.04849
7520.00000	-36.99610
7525.00000	-36.87200
7530.00000	-36.70310
7535.00000	-36.43710
7540.00000	-36.07365
7545.00000	-35.61137
7550.00000	-35.09363
7555.00000	-34.31560
7560.00000	-33.68490
7565.00000	-32.80242
7570.00000	-31.72035
7575.00000	-30.37155
7580.00000	-28.71533
7585.00000	-26.75263
7590.00000	-24.59996
7595.00000	-22.93630
7600.00000	-23.02061
7605.00000	-24.76000
7610.00000	-26.88932
7615.00000	-28.81569
7620.00000	-30.43406
7625.00000	-31.78423
7630.00000	-32.88696
7635.00000	-33.76300
7640.00000	-34.63869
7645.00000	-35.29963
7650.00000	-35.82679
7655.00000	-36.23384
7660.00000	-36.56316
7665.00000	-36.76378
7670.00000	-37.03519
7675.00000	-36.56526
7680.00000	-36.97875
7685.00000	-37.00382
7690.00000	-37.06706
7695.00000	-36.92817
7700.00000	-36.54273
7705.00000	-36.38001
7710.00000	-35.78921
7715.00000	-35.41364
7720.00000	-34.69131
7725.00000	-33.90135
7730.00000	-32.74673
7735.00000	-31.74678
7740.00000	-30.36842
7745.00000	-28.73255
7750.00000	-26.77963
7755.00000	-24.69761
7760.00000	-23.20603
7765.00000	-23.49212
7770.00000	-25.27708
7775.00000	-27.36712
7780.00000	-29.24389
7785.00000	-30.84409
7790.00000	-32.16317
7795.00000	-33.21770
7800.00000	-33.84967
7805.00000	-33.73655
7810.00000	-32.88140
7815.00000	-36.08290
7820.00000	-36.17328
7825.00000	-37.06615
7830.00000	-37.28033
7835.00000	-37.43456
7840.00000	-36.60762
7845.00000	-37.52413
7850.00000	-37.48757
7855.00000	-37.16749
7860.00000	-37.18224
7865.00000	-36.87694
7870.00000	-36.59698
7875.00000	-36.14876
7880.00000	-35.51728
7885.00000	-34.93326
7890.00000	-34.14653
7895.00000	-33.16402
7900.00000	-31.98183
7905.00000	-30.64601
7910.00000	-29.00887
7915.00000	-27.11085
7920.00000	-25.09828
7925.00000	-23.68512
7930.00000	-23.96966
7935.00000	-25.69879
7940.00000	-27.74142
7945.00000	-29.58074
7950.00000	-31.12265
7955.00000	-32.44576
7960.00000	-32.37331
7965.00000	-34.42060
7970.00000	-35.14897
7975.00000	-35.81314
7980.00000	-36.27800
7985.00000	-36.73776
7990.00000	-37.06320
7995.00000	-37.13815
8000.00000	-37.38791
8005.00000	-37.53552
8010.00000	-37.51545
8015.00000	-37.51900
8020.00000	-35.83755
8025.00000	-37.21175
8030.00000	-36.88139
8035.00000	-36.59290
8040.00000	-36.18853
8045.00000	-35.63041
8050.00000	-34.60249
8055.00000	-34.34122
8060.00000	-33.42296
8065.00000	-32.31315
8070.00000	-30.97245
8075.00000	-29.34359
8080.00000	-27.46053
8085.00000	-25.49096
8090.00000	-24.12674
8095.00000	-24.39673
8100.00000	-26.04466
8105.00000	-28.01664
8110.00000	-29.82863
8115.00000	-31.36116
8120.00000	-32.64122
8125.00000	-33.65079
8130.00000	-34.55585
8135.00000	-35.35036
8140.00000	-35.94382
8145.00000	-36.47497
8150.00000	-36.85553
8155.00000	-37.13916
8160.00000	-37.37558
8165.00000	-37.52418
8170.00000	-37.64425
8175.00000	-37.70548
8180.00000	-37.53239
8185.00000	-37.59282
8190.00000	-37.40620
8195.00000	-37.13530
8200.00000	-36.71443
8205.00000	-36.34999
8210.00000	-35.79377
8215.00000	-35.16192
8220.00000	-34.27582
8225.00000	-32.19839
8230.00000	-31.79073
8235.00000	-30.82275
8240.00000	-29.32776
8245.00000	-27.56378
8250.00000	-25.64571
8255.00000	-24.29121
8260.00000	-24.44899
8265.00000	-25.95585
8270.00000	-27.90035
8275.00000	-29.67826
8280.00000	-31.18100
8285.00000	-32.38866
8290.00000	-33.55724
8295.00000	-34.47585
8300.00000	-35.19396
8305.00000	-35.82518
8310.00000	-36.21573
8315.00000	-36.69526
8320.00000	-37.05235
8325.00000	-37.24149
8330.00000	-37.41407
8335.00000	-37.27566
8340.00000	-37.55064
8345.00000	-37.36476
8350.00000	-37.18679
8355.00000	-36.93644
8360.00000	-36.82788
8365.00000	-36.50655
8370.00000	-36.06444
8375.00000	-35.55421
8380.00000	-34.91154
8385.00000	-34.09834
8390.00000	-33.12354
8395.00000	-32.00895
8400.00000	-30.66972
8405.00000	-29.07691
8410.00000	-27.13056
8415.00000	-25.53760
8420.00000	-24.50687
8425.00000	-24.93726
8430.00000	-26.51089
8435.00000	-28.34605
8440.00000	-30.02106
8445.00000	-30.84399
8450.00000	-32.66571
8455.00000	-33.46164
8460.00000	-34.47853
8465.00000	-35.25705
8470.00000	-35.73701
8475.00000	-36.26648
8480.00000	-36.66833
8485.00000	-35.79672
8490.00000	-36.54180
8495.00000	-37.29500
8500.00000	-37.40294
8505.00000	-36.53135
8510.00000	-37.41680
8515.00000	-37.29473
8520.00000	-37.09267
8525.00000	-36.56967
8530.00000	-36.07570
8535.00000	-35.91046
8540.00000	-35.39340
8545.00000	-34.71190
8550.00000	-33.88138
8555.00000	-32.83960
8560.00000	-31.73588
8565.00000	-30.55343
8570.00000	-28.92517
8575.00000	-27.11545
8580.00000	-25.43278
8585.00000	-24.60296
8590.00000	-25.23108
8595.00000	-26.80137
8600.00000	-28.55917
8605.00000	-30.15625
8610.00000	-31.53518
8615.00000	-32.69913
8620.00000	-33.70188
8625.00000	-34.47950
8630.00000	-35.02434
8635.00000	-35.78290
8640.00000	-36.08998
8645.00000	-36.51261
8650.00000	-36.92436
8655.00000	-37.12197
8660.00000	-36.42091
8665.00000	-37.31321
8670.00000	-37.36632
8675.00000	-37.28157
8680.00000	-37.18200
8685.00000	-37.04440
8690.00000	-35.76944
8695.00000	-36.29786
8700.00000	-35.85163
8705.00000	-35.17954
8710.00000	-34.31434
8715.00000	-33.48038
8720.00000	-32.43001
8725.00000	-31.21099
8730.00000	-29.77756
8735.00000	-28.14231
8740.00000	-26.41911
8745.00000	-25.05608
8750.00000	-24.73720
8755.00000	-25.70725
8760.00000	-27.32948
8765.00000	-27.74089
8770.00000	-30.52831
8775.00000	-31.82056
8780.00000	-32.91986
8785.00000	-33.82782
8790.00000	-34.59323
8795.00000	-35.25800
8800.00000	-35.82127
8805.00000	-36.28016
8810.00000	-36.68549
8815.00000	-37.00098
8820.00000	-37.15579
8825.00000	-37.22211
8830.00000	-37.28299
8835.00000	-37.23947
8840.00000	-37.02871
8845.00000	-36.81395
8850.00000	-36.53525
8855.00000	-36.15596
8860.00000	-34.44498
8865.00000	-35.10226
8870.00000	-34.20597
8875.00000	-33.63231
8880.00000	-32.64798
8885.00000	-30.82930
8890.00000	-30.14964
8895.00000	-28.68141
8900.00000	-27.03118
8905.00000	-25.51221
8910.00000	-24.72867
8915.00000	-25.19185
8920.00000	-26.57337
8925.00000	-27.74830
8930.00000	-29.78843
8935.00000	-31.18521
8940.00000	-32.36794
8945.00000	-33.41210
8950.00000	-34.39095
8955.00000	-34.93222
8960.00000	-35.73174
8965.00000	-31.27589
8970.00000	-36.48011
8975.00000	-36.76045
8980.00000	-36.88853
8985.00000	-37.03793
8990.00000	-36.97648
8995.00000	-37.03410
9000.00000	-35.81017
9005.00000	-36.67482
9010.00000	-36.14977
9015.00000	-34.49900
9020.00000	-35.69142
9025.00000	-35.18023
9030.00000	-34.44759
9035.00000	-33.76960
9040.00000	-32.85078
9045.00000	-30.87818
9050.00000	-30.48787
9055.00000	-29.05599
9060.00000	-27.52803
9065.00000	-26.00921
9070.00000	-25.00630
9075.00000	-25.09786
9080.00000	-26.21824
9085.00000	-27.78366
9090.00000	-29.33738
9095.00000	-30.71029
9100.00000	-31.90232
9105.00000	-32.80532
9110.00000	-33.76618
9115.00000	-34.50311
9120.00000	-35.10864
9125.00000	-35.57762
9130.00000	-35.98570
9135.00000	-36.30347
9140.00000	-36.41148
9145.00000	-36.54582
9150.00000	-36.72460
9155.00000	-36.72226
9160.00000	-36.63590
9165.00000	-36.48664
9170.00000	-36.22594
9175.00000	-35.92904
9180.00000	-35.50745
9185.00000	-35.00745
9190.00000	-34.25007
9195.00000	-33.64948
9200.00000	-32.67724
9205.00000	-31.73475
9210.00000	-30.48476
9215.00000	-29.12488
9220.00000	-27.61322
9225.00000	-26.13477
9230.00000	-25.12849
9235.00000	-25.11029
9240.00000	-26.11066
9245.00000	-27.57442
9250.00000	-29.07533
9255.00000	-30.45367
9260.00000	-31.64221
9265.00000	-32.67948
9270.00000	-33.55660
9275.00000	-34.28602
9280.00000	-34.88444
9285.00000	-35.31510
9290.00000	-35.84156
9295.00000	-36.06775
9300.00000	-36.30362
9305.00000	-36.21080
9310.00000	-36.62268
9315.00000	-36.63000
9320.00000	-36.50124
9325.00000	-36.37937
9330.00000	-36.12112
9335.00000	-35.84004
9340.00000	-35.38541
9345.00000	-34.90097
9350.00000	-34.27275
9355.00000	-33.49981
9360.00000	-32.59356
9365.00000	-31.50570
9370.00000	-30.32997
9375.00000	-28.96723
9380.00000	-27.52100
9385.00000	-26.18172
9390.00000	-25.35789
9395.00000	-25.49208
9400.00000	-26.53654
9405.00000	-27.96478
9410.00000	-29.42994
9415.00000	-30.75567
9420.00000	-31.92677
9425.00000	-32.87754
9430.00000	-33.78228
9435.00000	-34.48625
9440.00000	-35.10692
9445.00000	-35.61540
9450.00000	-36.00749
9455.00000	-36.31174
9460.00000	-36.52619
9465.00000	-36.57057
9470.00000	-36.71987
9475.00000	-36.72096
9480.00000	-36.61394
9485.00000	-36.42636
9490.00000	-36.14353
9495.00000	-35.77453
9500.00000	-35.31373
9505.00000	-34.72960
9510.00000	-34.06088
9515.00000	-33.29417
9520.00000	-32.40360
9525.00000	-31.33608
9530.00000	-30.14729
9535.00000	-28.79158
9540.00000	-27.39984
9545.00000	-26.23317
9550.00000	-25.76348
9555.00000	-26.25366
9560.00000	-27.43722
9565.00000	-28.85841
9570.00000	-30.23677
9575.00000	-31.48522
9580.00000	-32.56663
9585.00000	-33.49355
9590.00000	-34.28813
9595.00000	-34.83576
9600.00000	-35.43091
9605.00000	-35.96350
9610.00000	-36.32283
9615.00000	-36.58928
9620.00000	-36.76098
9625.00000	-36.85161
9630.00000	-36.82785
9635.00000	-36.31452
9640.00000	-36.68174
9645.00000	-36.45500
9650.00000	-36.14931
9655.00000	-35.74051
9660.00000	-35.14201
9665.00000	-34.48221
9670.00000	-33.95998
9675.00000	-33.09449
9680.00000	-32.09196
9685.00000	-30.88391
9690.00000	-29.61638
9695.00000	-28.24418
9700.00000	-27.05295
9705.00000	-26.46462
9710.00000	-26.81198
9715.00000	-27.91439
9720.00000	-29.31743
9725.00000	-30.67288
9730.00000	-31.95973
9735.00000	-33.07057
9740.00000	-33.98661
9745.00000	-34.62645
9750.00000	-35.40575
9755.00000	-36.06396
9760.00000	-36.49874
9765.00000	-36.77594
9770.00000	-37.11545
9775.00000	-37.23664
9780.00000	-37.32986
9785.00000	-37.38583
9790.00000	-37.40429
9795.00000	-37.24997
9800.00000	-37.13510
9805.00000	-36.85243
9810.00000	-36.42914
9815.00000	-36.02307
9820.00000	-35.49559
9825.00000	-34.79347
9830.00000	-33.97518
9835.00000	-33.00205
9840.00000	-31.84852
9845.00000	-30.58421
9850.00000	-29.22264
9855.00000	-28.01534
9860.00000	-27.33243
9865.00000	-27.60066
9870.00000	-28.62936
9875.00000	-30.02682
9880.00000	-31.43775
9885.00000	-32.68704
9890.00000	-33.84698
9895.00000	-34.81785
9900.00000	-35.66048
9905.00000	-36.36743
9910.00000	-36.91313
9915.00000	-37.43324
9920.00000	-37.62669
9925.00000	-38.06209
9930.00000	-38.31114
9935.00000	-38.41867
9940.00000	-38.42228
9945.00000	-38.23990
9950.00000	-38.34675
9955.00000	-38.13445
9960.00000	-37.87431
9965.00000	-37.52944
9970.00000	-37.06047
9975.00000	-36.43894
9980.00000	-35.78282
9985.00000	-34.93775
9990.00000	-33.97213
9995.00000	-32.81403
10000.00000	-31.51542
